 	X	Y	
1	-141.79382	369.19885
2	-141.38147	369.50162
3	-140.96918	369.8075
4	-140.55692	370.11652
5	-139.93864	370.5859
6	-139.52654	370.90277
7	-139.11446	371.22287
8	-138.49638	371.70905
9	-138.08437	372.03723
10	-137.67235	372.36868
11	-137.05432	372.87213
12	-136.64229	373.21194
13	-136.23024	373.55515
14	-135.6121	374.07635
15	-135.19998	374.42813
16	-134.78783	374.7834
17	-134.16956	375.3228
18	-133.75734	375.68683
19	-133.34512	376.0544
20	-132.72678	376.61243
21	-132.31454	376.98892
22	-131.90231	377.36905
23	-131.28398	377.94604
24	-130.87178	378.33527
25	-130.45956	378.7282
26	-129.84125	379.32465
27	-129.42902	379.72696
28	-129.01678	380.1331
29	-128.3984	380.74948
30	-127.98614	381.16525
31	-127.57386	381.5849
32	-126.95546	382.22174
33	-126.54324	382.65118
34	-126.13606	383.0793
35	-125.52671	383.72733
36	-125.12136	384.16333
37	-124.51472	384.8232
38	-124.111206	385.2671
39	-123.70843	385.71414
40	-123.10562	386.39072
41	-122.7046	386.84583
42	-122.30414	387.30435
43	-121.70426	387.9988
44	-121.30468	388.4665
45	-120.70555	389.17548
46	-120.306175	389.65326
47	-119.70715	390.3778
48	-119.30787	390.86603
49	-118.90865	391.35846
50	-118.309944	392.10504
51	-117.91085	392.60812
52	-117.31214	393.37106
53	-116.91281	393.8855
54	-116.51317	394.4048
55	-115.912926	395.19324
56	-115.512115	395.72546
57	-114.90967	396.53415
58	-114.50714	397.08035
59	-114.103874	397.63235
60	-113.49761	398.4713
61	-113.09256	399.03793
62	-112.68455	399.61374
63	-112.0726	400.48685
64	-111.66467	401.0753
65	-111.25675	401.66888
66	-110.64487	402.56906
67	-110.23693	403.1758
68	-109.625	404.09598
69	-109.217026	404.71616
70	-108.80905	405.3418
71	-108.197075	406.29056
72	-107.78911	406.93
73	-107.381134	407.575
74	-106.7692	408.55307
75	-106.36126	409.21225
76	-105.95331	409.87723
77	-105.34136	410.8856
78	-104.93337	411.56522
79	-104.52537	412.25082
80	-103.913315	413.29056
81	-103.50525	413.99133
82	-102.8931	415.05408
83	-102.48498	415.77036
84	-102.076836	416.4929
85	-101.464615	417.5886
86	-101.05648	418.32703
87	-100.64835	419.07187
88	-100.03622	420.20126
89	-99.628174	420.96234
90	-99.22016	421.72995
91	-98.60824	422.89383
92	-98.20034	423.6781
93	-97.79248	424.46915
94	-97.18075	425.66855
95	-96.772964	426.4768
96	-96.36519	427.2921
97	-95.753525	428.5284
98	-95.345726	429.36166
99	-94.73398	430.6253
100	-94.326096	431.47702
101	-93.91817	432.3363
102	-93.30618	433.63953
103	-92.89813	434.51794
104	-92.491745	435.40045
105	-91.8861	436.72995
106	-91.48312	437.6241
107	-91.08076	438.52466
108	-90.478226	439.88773
109	-90.07713	440.8049
110	-89.476234	442.19376
111	-89.07609	443.12854
112	-88.6763	444.07056
113	-88.07726	445.49722
114	-87.67831	446.4576
115	-87.08037	447.9124
116	-86.68196	448.89218
117	-86.084366	450.37756
118	-85.685814	451.37885
119	-85.286995	452.3894
120	-84.687996	453.92358
121	-84.28801	454.95908
122	-83.68694	456.532
123	-83.285515	457.5939
124	-82.883545	458.66644
125	-82.27969	460.29523
126	-81.87659	461.39438
127	-81.473045	462.50433
128	-80.8668	464.1901
129	-80.46195	465.3282
130	-79.85351	467.05746
131	-79.447	468.22556
132	-79.039734	469.40616
133	-78.424065	471.21075
134	-78.01223	472.4314
135	-77.60033	473.66315
136	-76.98238	475.53183
137	-76.570366	476.79175
138	-76.158325	478.06308
139	-75.54024	479.9916
140	-75.128174	481.29175
141	-74.71613	482.60352
142	-74.09811	484.59323
143	-73.68613	485.9345
144	-73.27418	487.28778
145	-72.656296	489.34045
146	-72.244385	490.72427
147	-71.83249	492.12057
148	-71.21463	494.23865
149	-70.80272	495.66672
150	-70.390785	497.10773
151	-69.77284	499.29382
152	-69.360855	500.76782
153	-68.948845	502.25522
154	-68.3308	504.51166
155	-67.91876	506.03305
156	-67.50672	507.5682
157	-66.88866	509.89706
158	-66.47662	511.46716
159	-66.064606	513.05145
160	-65.4466	515.4548
161	-65.03461	517.0751
162	-64.622635	518.71
163	-64.00468	521.1902
164	-63.592716	522.8623
165	-63.18075	524.5496
166	-62.562798	527.1094
167	-62.150818	528.8352
168	-61.738823	530.5768
169	-61.120823	533.21875
170	-60.708824	535.0
171	-60.296833	536.79736
172	-59.6789	539.5236
173	-59.26913	541.3519
174	-58.861935	543.185
175	-58.252125	545.96075
176	-57.846176	547.82916
177	-57.440636	549.7122
178	-56.833122	552.5644
179	-56.42868	554.4842
180	-55.82284	557.39166
181	-55.419434	559.3489
182	-55.01637	561.32166
183	-54.41226	564.3107
184	-54.009735	566.32416
185	-53.607315	568.35455
186	-53.00384	571.43243
187	-52.6016	573.5063
188	-51.998352	576.6501
189	-51.596302	578.7679
190	-51.194305	580.9037
191	-50.591454	584.1409
192	-50.189537	586.32227
193	-49.58634	589.6309
194	-49.18392	591.8617
195	-48.78115	594.11334
196	-48.176144	597.5314
197	-47.772137	599.8379
198	-47.36757	602.167
199	-46.759716	605.7031
200	-46.353733	608.08954
201	-45.740807	611.73
202	-45.332233	614.18195
203	-44.923687	616.65393
204	-44.31091	620.3998
205	-43.902405	622.92236
206	-43.49392	625.4653
207	-42.881207	629.31775
208	-42.47275	631.9115
209	-42.064312	634.5256
210	-41.451694	638.4848
211	-41.043312	641.14966
212	-40.634953	643.83466
213	-40.02245	647.9001
214	-39.61413	650.6356
215	-39.205807	653.3913
216	-38.593307	657.56256
217	-38.18495	660.36847
218	-37.572365	664.61475
219	-37.163933	667.4704
220	-36.755466	670.3457
221	-36.1427	674.69507
222	-35.734158	677.6185
223	-35.325592	680.5608
224	-34.712727	685.0087
225	-34.304142	687.9966
226	-33.895565	691.002
227	-33.28272	695.54224
228	-32.874172	698.5899
229	-32.465645	701.6537
230	-31.852869	706.2787
231	-31.444363	709.3809
232	-31.035858	712.4977
233	-30.423092	717.199
234	-30.014563	720.34973
235	-29.401726	725.09924
236	-28.993126	728.2802
237	-28.584482	731.4721
238	-27.97143	736.27875
239	-27.562668	739.4945
240	-27.153854	742.7182
241	-26.540546	747.5665
242	-26.131626	750.80566
243	-25.722675	754.0491
244	-25.109192	758.9195
245	-24.703733	762.13995
246	-24.298788	765.3561
247	-23.69215	770.1707
248	-23.288166	773.37274
249	-22.682709	778.1618
250	-22.279346	781.34357
251	-21.876167	784.5151
252	-21.271692	789.2498
253	-20.868893	792.389
254	-20.46623	795.5123
255	-19.862398	800.16437
256	-19.459877	803.2415
257	-18.856007	807.81714
258	-18.453247	810.8386
259	-18.050224	813.8354
260	-17.445051	818.2802
261	-17.041119	821.2069
262	-16.434519	825.5358
263	-16.02971	828.377
264	-15.624654	831.1787
265	-15.016733	835.3008
266	-14.611268	837.9911
267	-14.205637	840.632
268	-13.596779	844.49567
269	-13.190466	847.003
270	-12.783697	849.4528
271	-12.172534	853.01434
272	-11.762665	855.31836
273	-11.350888	857.5615
274	-10.688122	861.6114
275	-10.276204	863.6545
276	-9.864248	865.6792
277	-9.246266	868.8419
278	-8.834261	870.5852
279	-8.422257	872.8908
280	-7.8042545	875.7536
281	-7.3922706	877.18024
282	-6.980303	878.48926
283	-6.3623753	880.33057
284	-5.950433	881.76355
285	-5.538494	882.8689
286	-4.9205837	884.3498
287	-4.5086355	885.3484
288	-4.0966773	886.298
289	-3.4787195	889.17163
290	-3.06674	889.4225
291	-2.654756	890.5488
292	-2.036787	893.4082
293	-1.6248335	898.02295
294	-1.2129002	902.9736
295	-0.59506357	916.4397
296	-0.18321936	929.69684
297	0.22857894	945.9442
298	0.84619457	981.38513
299	1.2578866	1010.51086
300	1.6695399	1046.6973
301	2.2869508	1113.7372
302	2.698518	1166.7109
303	3.1100593	1224.5647
304	3.7273111	1320.3467
305	4.1387835	1391.6763
306	4.550235	1468.0145
307	5.167366	1592.8417
308	5.578753	1679.583
309	5.990106	1770.0571
310	6.605281	1897.1019
311	7.012648	1978.2847
312	7.4195642	2045.5809
313	8.029251	2133.98
314	8.435336	2183.9521
315	8.841206	2228.168
316	9.449679	2290.6487
317	9.855144	2320.0403
318	10.463041	2357.4197
319	10.868094	2375.0476
320	11.272927	2382.901
321	11.879768	2401.6833
322	12.284101	2394.8374
323	12.688286	2399.1846
324	13.294362	2396.9878
325	13.698308	2398.7312
326	14.304164	2398.0017
327	14.708033	2393.5164
328	15.111853	2391.7896
329	15.717515	2388.5286
330	16.12122	2390.1929
331	16.524889	2382.264
332	17.130468	2383.0828
333	17.534365	2379.787
334	18.140596	2376.501
335	18.54515	2375.389
336	18.950064	2373.3574
337	19.558167	2369.8977
338	19.965435	2366.1318
339	20.373978	2353.4373
340	20.986721	2334.7976
341	21.395178	2322.4993
342	21.803606	2310.3025
343	22.416197	2292.1997
344	22.824554	2280.26
345	23.232882	2268.4243
346	23.845316	2250.8657
347	24.253569	2239.2905
348	24.865887	2222.1235
349	25.274063	2210.8093
350	25.682215	2199.599
351	26.294397	2182.992
352	26.7025	2172.0398
353	27.110594	2161.1904
354	27.72274	2145.1077
355	28.130852	2134.513
356	28.538979	2124.0188
357	29.151213	2108.4648
358	29.559402	2098.2197
359	29.96762	2088.073
360	30.579992	2073.0361
361	30.988266	2063.1333
362	31.396547	2053.327
363	32.008972	2038.7971
364	32.41725	2029.2295
365	33.02966	2015.0547
366	33.437923	2005.7213
367	33.846176	1996.4803
368	34.458557	1982.7892
369	34.866817	1973.7747
370	35.275093	1964.849
371	35.887543	1951.6249
372	36.295876	1942.9172
373	36.70424	1934.295
374	37.316845	1921.5203
375	37.7253	1913.1079
376	38.1338	1904.7778
377	38.746628	1892.4354
378	39.15523	1884.3075
379	39.563877	1876.2592
380	40.176914	1864.3337
381	40.585644	1856.4806
382	41.198788	1844.8445
383	41.60758	1837.1818
384	42.0164	1829.5938
385	42.62446	1818.4458
386	43.02933	1811.1125
387	43.43388	1803.856
388	44.040268	1793.0641
389	44.444344	1785.9646
390	44.848335	1778.9381
391	45.454304	1768.5322
392	45.858284	1761.6826
393	46.464306	1751.5364
394	46.868374	1744.8561
395	47.272484	1738.2418
396	47.87875	1728.4424
397	48.28304	1721.9886
398	48.68749	1715.5962
399	49.2946	1706.1187
400	49.699707	1699.8724
401	50.30797	1690.6085
402	50.713844	1684.5026
403	51.119934	1678.453
404	51.729385	1669.4843
405	52.135857	1663.575
406	52.542473	1657.7208
407	53.152752	1649.0402
408	53.559963	1643.3175
409	53.970825	1637.5986
410	54.58723	1629.1228
411	54.998234	1623.5392
412	55.61481	1615.263
413	56.0259	1609.8108
414	56.437004	1604.4103
415	57.05367	1596.4053
416	57.46478	1591.1316
417	57.875877	1585.9078
418	58.492504	1578.1644
419	58.90357	1573.0627
420	59.314613	1568.0089
421	59.93115	1560.5167
422	60.342155	1555.58
423	60.75315	1550.689
424	61.369633	1543.4373
425	61.78061	1538.6583
426	62.191586	1533.9233
427	62.808044	1526.9019
428	63.21901	1522.2749
429	63.629967	1517.6895
430	64.246376	1510.8893
431	64.65728	1506.4073
432	65.06815	1501.9663
433	65.684395	1495.3801
434	66.09517	1490.9518
435	66.5059	1486.5408
436	67.12192	1479.9995
437	67.53255	1475.688
438	67.943146	1471.4154
439	68.559006	1465.0784
440	68.96955	1460.9008
441	69.38009	1456.7605
442	69.995865	1450.6189
443	70.406364	1446.5698
444	70.81685	1442.5566
445	71.43255	1436.603
446	71.842995	1432.6776
447	72.25342	1428.7867
448	72.868996	1423.0146
449	73.27933	1419.2087
450	73.68962	1415.4364
451	74.30494	1409.8401
452	74.7117	1406.1804
453	75.11816	1402.5547
454	75.72743	1397.1777
455	76.13343	1393.6327
456	76.74213	1388.374
457	77.147705	1384.9071
458	77.553055	1381.4714
459	78.159966	1376.3813
460	78.56442	1373.0247
461	78.96861	1369.6982
462	79.574295	1364.7655
463	79.97774	1361.5139
464	80.58252	1356.6901
465	80.985565	1353.5085
466	81.38852	1350.3539
467	81.99283	1345.6716
468	82.39558	1342.5831
469	82.79827	1339.5204
470	83.40228	1334.9735
471	83.80499	1331.9729
472	84.4093	1327.5161
473	84.8124	1324.5735
474	85.215775	1321.6528
475	85.82148	1317.3118
476	86.22576	1314.4437
477	86.83288	1310.1805
478	87.24066	1307.3462
479	87.64841	1304.5353
480	88.25995	1300.3623
481	88.66761	1297.6089
482	89.075226	1294.8782
483	89.68659	1290.824
484	90.094124	1288.1489
485	90.50162	1285.4957
486	91.11281	1281.5564
487	91.52024	1278.9569
488	91.92766	1276.3784
489	92.53877	1272.5497
490	92.94618	1270.023
491	93.55732	1266.2705
492	93.964775	1263.7938
493	94.37225	1261.3369
494	94.983536	1257.6879
495	95.3911	1255.2793
496	95.798706	1252.8896
497	96.4102	1249.3405
498	96.81792	1246.9976
499	97.22566	1244.6732
500	97.837326	1241.2211
501	98.245125	1238.9424
502	98.65294	1236.6818
503	99.26466	1233.3243
504	99.672485	1231.1083
505	100.28422	1227.8169
506	100.692055	1225.6443
507	101.09991	1223.4889
508	101.711716	1220.2874
509	102.11962	1218.174
510	102.52755	1216.0771
511	103.139496	1212.9625
512	103.54749	1210.9064
513	103.95552	1208.8663
514	104.567604	1205.836
515	104.97568	1203.8357
516	105.38377	1201.8508
517	105.99594	1198.9028
518	106.40406	1196.9567
519	106.812195	1195.0258
520	107.42439	1192.1577
521	107.83252	1190.2644
522	108.444725	1187.4523
523	108.852875	1185.5957
524	109.26104	1183.7537
525	109.87335	1181.0173
526	110.28162	1179.2106
527	110.68838	1177.4247
528	111.295555	1174.7847
529	111.70011	1173.0426
530	112.10455	1171.3146
531	112.71104	1168.7483
532	113.11525	1167.0544
533	113.721344	1164.5391
534	114.12523	1162.8792
535	114.528946	1161.2327
536	115.13428	1158.7876
537	115.537735	1157.1737
538	115.941185	1155.5723
539	116.546486	1153.1929
540	116.95015	1151.6213
541	117.5559	1149.2856
542	117.95989	1147.743
543	118.364006	1146.2118
544	118.97041	1143.9362
545	119.37488	1142.4331
546	119.77957	1140.9408
547	120.38724	1138.7216
548	120.79295	1137.2543
549	121.40266	1135.0706
550	121.81301	1133.6152
551	122.22342	1132.1711
552	122.83909	1130.0259
553	123.24956	1128.6097
554	123.66004	1127.2047
555	124.275764	1125.1179
556	124.68624	1123.7404
557	125.09672	1122.3737
558	125.71241	1120.3439
559	126.12286	1119.004
560	126.53331	1117.6747
561	127.14896	1115.7006
562	127.55937	1114.3975
563	127.96978	1113.1047
564	128.58536	1111.1849
565	128.99571	1109.9177
566	129.40605	1108.6608
567	130.0215	1106.794
568	130.43176	1105.562
569	130.84196	1104.3398
570	131.4572	1102.5251
571	131.8673	1101.3276
572	132.27731	1100.1398
573	132.89224	1098.3761
574	133.30212	1097.2123
575	133.71196	1096.0579
576	134.32663	1094.3438
577	134.73637	1093.2125
578	135.1461	1092.0906
579	135.76065	1090.4244
580	136.17033	1089.325
581	136.78485	1087.6924
582	137.1945	1086.615
583	137.60416	1085.5464
584	138.21861	1083.9597
585	138.62822	1082.9128
586	139.03781	1081.8744
587	139.65216	1080.3329
588	140.06169	1079.3157
589	140.47119	1078.3069
590	141.08537	1076.8094
591	141.49477	1075.8215
592	141.90414	1074.8419
593	142.51813	1073.3877
594	142.9274	1072.4283
595	143.33665	1071.477
596	143.95049	1070.0651
597	144.35966	1069.1337
598	144.76881	1068.2101
599	145.38248	1066.8394
600	145.78807	1065.943
601	146.19319	1065.2596
602	146.80002	1063.8922
603	147.20413	1062.9589
604	147.80981	1061.5272
605	148.21333	1060.559
606	148.61656	1059.599
607	149.22101	1058.1597
608	149.62381	1057.1569
609	150.22797	1055.5845
610	150.63078	1054.5123
611	151.03363	1053.4241
612	151.63791	1051.7617
613	152.04076	1050.6337
614	152.44362	1049.4897
615	153.04802	1047.7444
616	153.45177	1046.5591
617	154.05853	1044.7485
618	154.46352	1043.5208
619	154.87102	1042.2699
620	155.48218	1040.365
621	155.88956	1039.0762
622	156.29689	1037.7723
623	156.9078	1035.7887
624	157.31503	1034.4354
625	157.72223	1033.0441
626	158.333	1030.9125
627	158.74014	1029.4999
628	159.35089	1027.3549
629	159.75809	1025.8529
630	160.16528	1024.3043
631	160.77615	1021.95605
632	161.18346	1020.37585
633	161.59079	1018.78394
634	162.20186	1016.36914
635	162.60928	1014.7223
636	163.01675	1013.0435
637	163.62804	1010.49756
638	164.0356	1008.78564
639	164.64699	1006.16565
640	165.05461	1004.3819
641	165.46225	1002.5839
642	166.07373	999.8664
643	166.48141	998.0252
644	166.88911	996.1546
645	167.50072	993.2941
646	167.9085	991.3512
647	168.31631	989.3799
648	168.92812	986.3706
649	169.33601	984.34064
650	169.74397	982.3028
651	170.35594	979.2209
652	170.76396	977.1363
653	171.172	975.0314
654	171.78409	971.86176
655	172.19215	969.7386
656	172.80426	966.51495
657	173.21233	964.3441
658	173.6204	962.16907
659	174.23251	958.8969
660	174.64061	956.69653
661	175.04869	954.4793
662	175.66087	951.1231
663	176.06903	948.8667
664	176.47722	946.5963
665	177.0896	943.1684
666	177.49792	940.8801
667	177.90344	938.6122
668	178.51129	935.21246
669	178.9164	932.9432
670	179.52391	929.53796
671	179.92879	927.2683
672	180.33347	925.0166
673	180.94006	921.6601
674	181.34431	919.43427
675	181.74837	917.2143
676	182.35422	913.89465
677	182.75803	911.68933
678	183.36374	908.39856
679	183.76762	906.22363
680	184.17165	904.0658
681	184.77795	900.85516
682	185.18239	898.73236
683	185.58704	896.6291
684	186.19446	893.51733
685	186.5998	891.4691
686	187.20857	888.432
687	187.61505	886.4342
688	188.02357	884.4545
689	188.63881	881.5249
690	189.04901	879.6049
691	189.45923	877.7122
692	190.07457	874.92773
693	190.48479	873.1102
694	190.89502	871.3257
695	191.51035	868.71606
696	191.92058	867.0258
697	192.3308	865.3767
698	192.94612	862.9789
699	193.35635	861.43195
700	193.76657	859.9282
701	194.38187	857.7559
702	194.79205	856.3635
703	195.20222	855.0157
704	195.81743	853.0762
705	196.22751	851.8387
706	196.63757	850.648
707	197.25256	848.95337
708	197.6625	847.8856
709	198.0724	846.86835
710	198.68713	845.43884
711	199.0969	844.5509
712	199.71144	843.31616
713	200.1211	842.5567
714	200.53072	841.84717
715	201.14513	840.8742
716	201.55472	840.28467
717	201.96431	839.7409
718	202.5787	839.00854
719	202.9883	838.5744
720	203.39789	838.18274
721	204.01227	837.67365
722	204.42186	837.3854
723	204.83142	837.1364
724	205.44572	836.8324
725	205.85524	836.67224
726	206.26472	836.54297
727	206.87892	836.401
728	207.28835	836.3372
729	207.69774	836.2952
730	208.31178	836.2675
731	208.72112	836.2688
732	209.13042	836.283
733	209.74435	836.32367
734	210.15361	836.3607
735	210.56284	836.4033
736	211.17665	836.4721
737	211.58582	836.517
738	212.19438	836.5742
739	212.59941	836.6013
740	213.00394	836.616
741	213.60985	836.6098
742	214.01337	836.5839
743	214.41663	836.5388
744	215.02106	836.4324
745	215.42365	836.3339
746	216.02718	836.14276
747	216.42941	835.98486
748	216.83165	835.8016
749	217.43512	835.4765
750	217.83757	835.2247
751	218.44145	834.79144
752	218.8442	834.46436
753	219.2471	834.1059
754	219.85304	833.5081
755	220.25772	833.07056
756	220.66286	832.603
757	221.27412	831.84534
758	221.68156	831.30774
759	222.08897	830.74615
760	222.7	829.8619
761	223.10728	829.2465
762	223.71817	828.2886
763	224.1254	827.629
764	224.53261	826.95496
765	225.14343	825.92084
766	225.55066	825.219
767	225.95792	824.5096
768	226.56888	823.4357
769	226.97623	822.716
770	227.38364	821.99554
771	227.99484	820.9174
772	228.40236	820.2031
773	228.80992	819.49445
774	229.42134	818.44507
775	229.829	817.7565
776	230.44054	816.7432
777	230.84827	816.083
778	231.25603	815.43677
779	231.86768	814.49713
780	232.27548	813.8927
781	232.68329	813.3072
782	233.29504	812.46704
783	233.70291	811.9341
784	234.11081	811.424
785	234.7227	810.70355
786	235.13066	810.2537
787	235.53865	809.8288
788	236.15068	809.23895
789	236.5587	808.87756
790	237.17075	808.3834
791	237.57877	808.08606
792	237.98676	807.8144
793	238.59866	807.45483
794	239.00653	807.2468
795	239.41437	807.0638
796	240.026	806.8351
797	240.43369	806.71246
798	240.84131	806.6132
799	241.45267	806.5069
800	241.86018	806.4633
801	242.26767	806.4405
802	242.87886	806.44244
803	243.28632	806.466
804	243.8975	806.5311
805	244.305	806.59204
806	244.7125	806.6649
807	245.3238	806.7921
808	245.7314	806.88574
809	246.13902	806.9838
810	246.75052	807.1341
811	247.15822	807.2331
812	247.56477	807.3285
813	248.17093	807.4609
814	248.57399	807.5399
815	249.17786	807.6414
816	249.58002	807.69586
817	249.98189	807.7385
818	250.58426	807.7784
819	250.98561	807.78784
820	251.38684	807.78296
821	251.98851	807.7477
822	252.38959	807.70483
823	252.99127	807.6105
824	253.39256	807.5271
825	253.7941	807.42694
826	254.3971	807.24457
827	254.7997	807.1013
828	255.40471	806.85333
829	255.80887	806.66565
830	256.2137	806.46
831	256.82233	806.1177
832	257.23038	805.86597
833	257.64008	805.5955
834	258.2547	805.1573
835	258.6645	804.8441
836	259.0743	804.5149
837	259.68903	803.99243
838	260.09888	803.62646
839	260.50873	803.2475
840	261.1235	802.65735
841	261.53333	802.2512
842	262.14804	801.62646
843	262.5578	801.2017
844	262.96753	800.77216
845	263.57883	800.12537
846	263.98486	799.69415
847	264.38998	799.2644
848	264.99625	798.6259
849	265.4003	798.20557
850	265.80435	797.79065
851	266.4103	797.18066
852	266.8142	796.7837
853	267.42	796.2051
854	267.82388	795.83185
855	268.22824	795.46893
856	268.83643	794.9435
857	269.24408	794.605
858	269.65283	794.27655
859	270.2659	793.80426
860	270.67456	793.5029
861	271.08322	793.21216
862	271.69614	792.79443
863	272.1047	792.52716
864	272.71756	792.142
865	273.12613	791.8954
866	273.5347	791.65625
867	274.14755	791.3102
868	274.55612	791.08734
869	274.9647	790.87054
870	275.5776	790.55615
871	275.9862	790.3532
872	276.39484	790.15497
873	277.0078	789.865
874	277.41647	789.67596
875	277.82513	789.4901
876	278.43814	789.2165
877	278.84683	789.03674
878	279.2555	788.8581
879	279.86847	788.59045
880	280.27707	788.4107
881	280.68567	788.22845
882	281.29846	787.9478
883	281.70697	787.75433
884	282.31418	787.4552
885	282.7175	787.24756
886	283.12	787.0324
887	283.723	786.69354
888	284.1246	786.45605
889	284.52597	786.2095
890	285.12762	785.8232
891	285.52844	785.555
892	286.12915	785.1368
893	286.5294	784.8472
894	286.92953	784.54877
895	287.5297	784.0842
896	287.9298	783.7629
897	288.53012	783.26227
898	288.9305	782.9155
899	289.33112	782.55774
900	289.93253	781.9997
901	290.33386	781.61304
902	290.93683	781.0105
903	291.34042	780.59265
904	291.7463	780.1608
905	292.35583	779.4906
906	292.76218	779.0295
907	293.37164	778.31714
908	293.77798	777.829
909	294.18436	777.3309
910	294.79388	776.5664
911	295.2003	776.04645
912	295.6067	775.5193
913	296.2132	774.72107
914	296.61536	774.18475
915	297.01712	773.64374
916	297.61926	772.82855
917	298.0204	772.28705
918	298.62177	771.4795
919	299.02255	770.943
920	299.42334	770.40753
921	300.02475	769.60614
922	300.42596	769.07355
923	301.0284	768.27814
924	301.43045	767.7512
925	301.83292	767.2283
926	302.43768	766.4522
927	302.84167	765.9401
928	303.4531	765.1752
929	303.86075	764.6723
930	304.26843	764.17523
931	304.87997	763.4386
932	305.28763	762.9537
933	305.6953	762.47644
934	306.30676	761.77905
935	306.7144	761.3264
936	307.12198	760.88293
937	307.73334	760.23285
938	308.14087	759.8085
939	308.5484	759.39124
940	309.15964	758.7785
941	309.56708	758.37836
942	310.17822	757.7902
943	310.5856	757.4088
944	310.99298	757.03864
945	311.604	756.50684
946	312.01132	756.16766
947	312.4186	755.83826
948	313.0295	755.355
949	313.43677	755.03754
950	313.84402	754.72406
951	314.4549	754.2592
952	314.86215	753.94977
953	315.26944	753.64
954	315.8773	753.1828
955	316.28076	752.8869
956	316.88477	752.46014
957	317.28674	752.1873
958	317.68832	751.9212
959	318.29016	751.53
960	318.69113	751.27295
961	319.2924	750.8927
962	319.69318	750.64594
963	320.09402	750.4066
964	320.69556	750.05945
965	321.09692	749.8343
966	321.6997	749.51013
967	322.10202	749.30676
968	322.5048	749.1149
969	323.10986	748.8478
970	323.51398	748.6811
971	323.91922	748.52124
972	324.53284	748.2862
973	324.94196	748.1289
974	325.55563	747.88776
975	325.96478	747.7235
976	326.37393	747.55914
977	326.98764	747.3214
978	327.39673	747.1725
979	327.8013	747.0338
980	328.40546	746.83984
981	328.80737	746.71356
982	329.2087	746.5867
983	329.80966	746.40027
984	330.20975	746.28064
985	330.80927	746.10645
986	331.20874	745.9913
987	331.60815	745.87476
988	332.2074	745.6956
989	332.60706	745.5734
990	333.20694	745.3863
991	333.60718	745.25305
992	334.00766	745.10736
993	334.60904	744.867
994	335.01047	744.6967
995	335.6135	744.42993
996	336.0169	744.24445
997	336.4219	744.04767
998	337.03247	743.71735
999	337.43945	743.47516
1000	337.84637	743.22174
1001	338.45676	742.82654
1002	338.86365	742.5529
1003	339.474	742.11487
1004	339.88092	741.79083
1005	340.28787	741.4395
1006	340.89838	740.8824
1007	341.30258	740.5002
1008	341.70605	740.10156
1009	342.31018	739.46564
1010	342.66687	739.0753
1011	343.15982	738.5261
1012	343.61414	738.0076
1013	344.13715	737.38025
1014	344.60284	736.7888
1015	345.13464	736.0746
1016	345.58374	735.4537
1017	346.0852	734.76465
1018	346.54883	734.1285
1019	346.9816	733.5169
1020	347.46207	732.8147
1021	347.93274	732.1256
1022	348.44968	731.3855
1023	348.92975	730.69116
1024	349.38452	730.00836
1025	349.8863	729.2213
1026	350.36383	728.44
1027	350.82742	727.6539
1028	351.3341	726.77295
1029	351.77615	726.0211
1030	352.26392	725.2365
1031	352.76767	724.44794
1032	353.24524	723.6909
1033	353.70956	722.9366
1034	354.22162	722.0822
1035	354.68195	721.294
1036	355.14328	720.48505
1037	355.6305	719.61053
1038	356.1128	718.72577
1039	356.59488	717.8249
1040	357.08252	716.8987
1041	357.58252	715.90265
1042	358.0646	714.85516
1043	358.52985	713.8017
1044	359.01846	712.74207
1045	359.46057	711.80566
1046	359.96683	710.6553
1047	360.4246	709.5335
1048	360.9527	708.1931
1049	361.4372	706.9157
1050	361.8634	705.7183
1051	362.36578	704.21765
1052	362.87772	702.63196
1053	363.30246	701.2756
1054	363.8402	699.4373
1055	364.34445	697.59076
1056	364.7537	696.0075
1057	365.2707	693.90216
1058	365.7835	691.7017
1059	366.19513	689.8562
1060	366.71283	687.43805
1061	367.22943	684.9217
1062	367.64404	682.8306
1063	368.18524	680.0094
1064	368.61664	677.6893
1065	369.15796	674.69336
1066	369.59067	672.23413
1067	370.02588	669.7017
1068	370.57288	666.1115
1069	370.9982	662.8097
1070	371.57333	658.0553
1071	372.03638	654.18225
1072	372.43173	650.81177
1073	372.90543	646.627
1074	373.38538	642.2298
1075	373.86963	637.6421
1076	374.35428	632.91003
1077	374.84314	628.0051
1078	375.35098	622.74506
1079	375.8164	617.7185
1080	376.3065	612.2185
1081	376.8342	606.1817
1082	377.26376	601.23627
1083	377.72433	595.9125
1084	378.20972	590.2905
1085	378.71158	584.4742
1086	379.2274	578.49176
1087	379.66992	573.31274
1088	380.1952	567.1016
1089	380.63132	561.96124
1090	381.21234	555.1828
1091	381.64355	550.1829
1092	382.0718	545.2421
1093	382.64813	538.69055
1094	383.078	533.9017
1095	383.5026	529.2519
1096	384.06314	523.23065
1097	384.4822	518.8304
1098	385.03348	513.1919
1099	385.43274	509.20734
1100	385.95724	504.08908
1101	386.47446	499.17255
1102	386.85648	495.62674
1103	387.3587	491.084
1104	387.85123	486.77402
1105	388.3228	482.77884
1106	388.76492	479.13998
1107	389.29443	474.91415
1108	389.79794	471.0274
1109	390.28116	467.41797
1110	390.7516	464.02118
1111	391.21005	460.8194
1112	391.65604	457.80032
1113	392.17728	454.38818
1114	392.59778	451.72705
1115	393.08975	448.7177
1116	393.57748	445.8435
1117	394.0608	443.09747
1118	394.53787	440.47815
1119	395.00958	437.96732
1120	395.55215	435.1649
1121	396.0087	432.87057
1122	396.45895	430.6608
1123	396.97852	428.17197
1124	397.42154	426.09998
1125	397.936	423.74957
1126	398.371	421.80734
1127	398.87167	419.62067
1128	399.3667	417.50952
1129	399.8559	415.47504
1130	400.34192	413.50974
1131	400.8252	411.61496
1132	401.3055	409.79248
1133	401.78027	408.05115
1134	402.24426	406.40564
1135	402.70102	404.83878
1136	403.21667	403.13116
1137	403.6633	401.70383
1138	404.16925	400.1438
1139	404.60724	398.84125
1140	405.10162	397.42612
1141	405.59033	396.09094
1142	406.0745	394.83704
1143	406.55673	393.6592
1144	407.03552	392.56018
1145	407.50955	391.5374
1146	407.979	390.58356
1147	408.4899	389.60913
1148	408.94025	388.8014
1149	409.41565	387.9905
1150	409.91095	387.17703
1151	410.41797	386.36838
1152	410.87683	385.6545
1153	411.3747	384.89777
1154	411.82245	384.22525
1155	412.32974	383.47394
1156	412.78946	382.80197
1157	413.25958	382.1254
1158	413.73447	381.4563
1159	414.23627	380.76636
1160	414.73233	380.0992
1161	415.2239	379.45056
1162	415.6732	378.8692
1163	416.18088	378.22705
1164	416.63312	377.67004
1165	417.14404	377.06177
1166	417.59805	376.54407
1167	418.05588	376.04694
1168	418.57822	375.5152
1169	419.03668	375.08392
1170	419.4952	374.68475
1171	420.0194	374.2596
1172	420.49628	373.893
1173	420.97812	373.53754
1174	421.45682	373.19888
1175	421.9413	372.86853
1176	422.43814	372.53662
1177	422.87836	372.24393
1178	423.38953	371.9027
1179	423.8416	371.59814
1180	424.35895	371.24332
1181	424.81976	370.91626
1182	425.29434	370.56473
1183	425.7858	370.18857
1184	426.22244	369.85187
1185	426.75262	369.44843
1186	427.22818	369.09137
1187	427.729	368.71063
1188	428.17065	368.36252
1189	428.63702	367.98273
1190	429.12787	367.58264
1191	429.642	367.18393
1192	430.07016	366.87497
1193	430.6283	366.48904
1194	431.09494	366.15796
1195	431.58075	365.7925
1196	432.08652	365.39948
1197	432.4791	365.10184
1198	433.0193	364.7239
1199	433.43576	364.4596
1200	434.00436	364.1155
1201	434.44046	363.84363
1202	434.88528	363.54868
1203	435.49265	363.12338
1204	435.95862	362.7946
1205	436.43268	362.47025
1206	436.91385	362.1549
1207	437.40137	361.8453
1208	437.89465	361.53473
1209	438.39316	361.21704
1210	438.72827	360.99936
1211	439.23514	360.66364
1212	439.74734	360.31915
1213	440.26492	359.97055
1214	440.78708	359.62363
1215	441.13715	359.3956
1216	441.66458	359.05917
1217	442.19452	358.72604
1218	442.72742	358.3898
1219	443.0845	358.16144
1220	443.62302	357.8119
1221	444.16486	357.45706
1222	444.52777	357.22043
1223	445.07428	356.86853
1224	445.43973	356.63632
1225	445.98917	356.28952
1226	446.53986	355.9404
1227	446.90784	355.7045
1228	447.46167	355.34503
1229	448.0181	354.9805
1230	448.3904	354.73642
1231	448.9504	354.37137
1232	449.3245	354.1298
1233	449.8863	353.77045
1234	450.2612	353.53235
1235	450.8242	353.17578
1236	451.20004	352.93765
1237	451.76486	352.57938
1238	452.3314	352.22095
1239	452.71	351.98346
1240	453.27896	351.63217
1241	453.6586	351.40244
1242	454.22815	351.06506
1243	454.60788	350.84448
1244	455.17773	350.5184
1245	455.558	350.30316
1246	456.1292	349.9827
1247	456.5105	349.77103
1248	457.08316	349.4581
1249	457.4654	349.25366
1250	458.03912	348.95486
1251	458.42154	348.7611
1252	458.99484	348.47763
1253	459.3769	348.29245
1254	459.9501	348.01892
1255	460.33246	347.83902
1256	460.90646	347.57336
1257	461.28937	347.3999
1258	461.86337	347.14713
1259	462.24582	346.98425
1260	462.81927	346.74893
1261	463.3919	346.52402
1262	463.77325	346.3792
1263	464.345	346.16882
1264	464.72617	346.0331
1265	465.29767	345.8374
1266	465.67816	345.7132
1267	466.24832	345.53775
1268	466.62817	345.4284
1269	467.19778	345.27567
1270	467.57718	345.18085
1271	468.14557	345.04797
1272	468.52423	344.965
1273	469.0921	344.8485
1274	469.47046	344.7764
1275	470.03723	344.67743
1276	470.41464	344.61798
1277	470.98038	344.53903
1278	471.54578	344.4718
1279	471.9223	344.43286
1280	472.48636	344.38193
1281	472.86215	344.35233
1282	473.42566	344.3139
1283	473.8011	344.29242
1284	474.36343	344.26706
1285	474.73798	344.25516
1286	475.29938	344.24524
1287	475.8606	344.24457
1288	476.23462	344.24875
1289	476.7952	344.26093
1290	477.1687	344.27243
1291	477.72888	344.29434
1292	478.10205	344.31213
1293	478.6613	344.3441
1294	479.22006	344.38312
1295	479.5924	344.4133
1296	480.1509	344.46463
1297	480.52335	344.5025
1298	481.08203	344.56372
1299	481.6406	344.62918
1300	482.013	344.67484
1301	482.57144	344.7464
1302	482.94354	344.79654
1303	483.50156	344.87595
1304	483.87357	344.93182
1305	484.43176	345.0199
1306	484.99033	345.11243
1307	485.3629	345.176
1308	485.92188	345.27316
1309	486.29468	345.33884
1310	486.854	345.43863
1311	487.22684	345.50623
1312	487.78607	345.60965
1313	488.34555	345.71597
1314	488.71878	345.78845
1315	489.27905	345.89908
1316	489.6529	345.97366
1317	490.214	346.08594
1318	490.5883	346.16083
1319	491.14993	346.2732
1320	491.71164	346.386
1321	492.0862	346.4617
1322	492.64838	346.5766
1323	493.02347	346.6542
1324	493.58667	346.77197
1325	493.96255	346.85107
1326	494.52692	346.9699
1327	495.09183	347.0884
1328	495.46863	347.16714
1329	496.0341	347.28513
1330	496.4113	347.36395
1331	496.9775	347.48312
1332	497.3554	347.5633
1333	497.92294	347.6845
1334	498.30182	347.76575
1335	498.87076	347.88763
1336	499.25046	347.9687
1337	499.82065	348.0896
1338	500.20108	348.16968
1339	500.77216	348.2895
1340	501.15323	348.36948
1341	501.72552	348.48996
1342	502.29874	348.61093
1343	502.68143	348.69162
1344	503.25604	348.81213
1345	503.63956	348.89185
1346	504.21555	349.01022
1347	504.59982	349.08835
1348	505.17667	349.20468
1349	505.56158	349.28192
1350	506.13956	349.39777
1351	506.5254	349.47507
1352	507.1049	349.59094
1353	507.4917	349.66785
1354	507.87885	349.74432
1355	508.46027	349.85803
1356	508.84824	349.93326
1357	509.43066	350.04556
1358	509.81934	350.12042
1359	510.40298	350.2332
1360	510.79263	350.30887
1361	511.37796	350.42316
1362	511.76865	350.4997
1363	512.3554	350.6147
1364	512.7471	350.69125
1365	513.33514	350.8058
1366	513.7275	350.88202
1367	514.1201	350.95822
1368	514.70966	351.07288
1369	515.1031	351.14972
1370	515.694	351.26562
1371	516.0883	351.3433
1372	516.68036	351.46005
1373	517.0754	351.53784
1374	517.6681	351.65442
1375	518.0634	351.73215
1376	518.45886	351.81006
1377	519.0524	351.9269
1378	519.4484	352.00385
1379	520.04297	352.11816
1380	520.43964	352.1938
1381	521.0352	352.30627
1382	521.43256	352.38046
1383	521.8301	352.45392
1384	522.42676	352.56293
1385	522.82477	352.6352
1386	523.42224	352.74377
1387	523.8209	352.8168
1388	524.22	352.89062
1389	524.81915	353.00293
1390	525.21893	353.07867
1391	525.81915	353.19284
1392	526.2196	353.26892
1393	526.6204	353.34473
1394	527.22205	353.4578
1395	527.6234	353.5328
1396	528.2259	353.64514
1397	528.62787	353.7201
1398	529.0301	353.79507
1399	529.63367	353.9073
1400	530.0363	353.98154
1401	530.6407	354.09137
1402	531.0439	354.16327
1403	531.4472	354.23398
1404	532.0523	354.338
1405	532.4559	354.40628
1406	532.85956	354.47394
1407	533.46545	354.57465
1408	533.8696	354.64136
1409	534.4763	354.7407
1410	534.881	354.8063
1411	535.2859	354.87128
1412	535.8974	354.9683
1413	536.30634	355.03265
1414	536.71533	355.09686
1415	537.32874	355.19366
1416	537.7377	355.2589
1417	538.14655	355.32492
1418	538.75995	355.42526
1419	539.1688	355.49286
1420	539.5777	355.56073
1421	540.19104	355.66263
1422	540.5999	355.73035
1423	541.21326	355.83154
1424	541.6222	355.89868
1425	542.03107	355.966
1426	542.6445	356.0671
1427	543.0534	356.1346
1428	543.46234	356.20212
1429	544.07574	356.3031
1430	544.4847	356.37012
1431	544.8936	356.43686
1432	545.507	356.5366
1433	545.91595	356.6031
1434	546.3249	356.6698
1435	546.93823	356.77057
1436	547.3471	356.83847
1437	547.756	356.90714
1438	548.3692	357.0117
1439	548.778	357.08246
1440	549.1847	357.15372
1441	549.79126	357.26175
1442	550.1953	357.33508
1443	550.80096	357.44763
1444	551.20447	357.52472
1445	551.60767	357.60367
1446	552.21204	357.7257
1447	552.61456	357.80957
1448	553.2179	357.93906
1449	553.61993	358.02774
1450	554.0218	358.1183
1451	554.6243	358.25766
1452	555.0259	358.35294
1453	555.4272	358.45007
1454	556.02875	358.59915
1455	556.42944	358.7008
1456	557.03	358.85706
1457	557.4301	358.96387
1458	557.83	359.07294
1459	558.42957	359.24075
1460	558.8291	359.35526
1461	559.4282	359.53098
1462	559.8275	359.6511
1463	560.4263	359.83624
1464	560.82526	359.96326
1465	561.22406	360.09348
1466	561.822	360.2943
1467	562.2205	360.4318
1468	562.8181	360.64447
1469	563.21643	360.79095
1470	563.61475	360.94095
1471	564.2123	361.17206
1472	564.61066	361.3302
1473	565.2083	361.5737
1474	565.6068	361.74033
1475	566.0054	361.91052
1476	566.6035	362.17407
1477	567.00256	362.35635
1478	567.6016	362.6391
1479	568.0015	362.83325
1480	568.40186	363.03186
1481	569.0034	363.3383
1482	569.4051	363.5484
1483	570.0086	363.87262
1484	570.41156	364.0949
1485	570.81506	364.32224
1486	571.42126	364.67288
1487	571.82605	364.91327
1488	572.4344	365.2843
1489	572.8408	365.53906
1490	573.2479	365.79916
1491	573.86383	366.19806
1492	574.27594	366.46866
1493	574.6881	366.74225
1494	575.30646	367.15826
1495	575.71875	367.4394
1496	576.13104	367.72357
1497	576.74963	368.15558
1498	577.16205	368.44742
1499	577.5325	368.71222
1500	578.0	369.04996