 	X	Y
1	-359.517	949.2631
2	-359.08228	947.06354
3	-358.5649	944.3823
4	-358.1434	942.126
5	-357.66052	939.46075
6	-357.16495	936.64264
7	-356.69788	933.8487
8	-356.21426	930.82886
9	-355.6889	927.4084
10	-355.18546	923.9952
11	-354.77747	921.1359
12	-354.26807	917.4542
13	-353.75735	913.64307
14	-353.24	909.666
15	-352.82645	906.4068
16	-352.30554	902.2048
17	-351.8909	898.7879
18	-351.39325	894.6065
19	-350.84125	889.8689
20	-350.40005	886.01373
21	-349.95505	882.06256
22	-349.39243	875.9349
23	-348.98364	870.42316
24	-348.50845	863.75507
25	-348.03064	857.0086
26	-347.55127	850.0873
27	-347.0074	841.79193
28	-346.5138	833.85205
29	-346.01422	825.44904
30	-345.6402	818.93146
31	-345.13565	809.85815
32	-344.6149	800.0641
33	-344.21133	792.05664
34	-343.71747	781.7788
35	-343.16803	770.0774
36	-342.76224	761.3803
37	-342.2253	749.8651
38	-341.73715	739.39185
39	-341.2615	729.19714
40	-340.8338	720.0339
41	-340.3415	709.3859
42	-339.82208	698.003
43	-339.38516	688.4993
44	-338.80402	676.0816
45	-338.37375	666.9941
46	-337.94568	658.0376
47	-337.372	646.30664
48	-336.9392	637.7127
49	-336.51224	629.4316
50	-335.95038	618.8066
51	-335.53632	611.2036
52	-334.98914	601.48724
53	-334.5845	594.5196
54	-334.05414	585.6328
55	-333.52768	577.0856
56	-333.13644	570.9131
57	-332.63025	563.1742
58	-332.14072	555.98553
59	-331.67798	549.4452
60	-331.24155	543.47516
61	-330.7195	536.5789
62	-330.21783	530.1978
63	-329.7357	524.29333
64	-329.26895	518.80524
65	-328.81238	513.6471
66	-328.2803	507.8684
67	-327.8488	503.3557
68	-327.3436	498.26498
69	-326.85254	493.51013
70	-326.36795	488.9996
71	-325.88785	484.7007
72	-325.41534	480.6263
73	-324.94995	476.75522
74	-324.4908	473.07132
75	-324.03992	469.57953
76	-323.52283	465.71625
77	-323.0133	462.04398
78	-322.58136	459.0295
79	-322.08	455.63852
80	-321.58548	452.4018
81	-321.0991	449.3067
82	-320.6186	446.3395
83	-320.14313	443.50256
84	-319.67194	440.79077
85	-319.204	438.19147
86	-318.74023	435.7039
87	-318.21613	432.99112
88	-317.765	430.7352
89	-317.25635	428.27545
90	-316.81436	426.20837
91	-316.3126	423.93906
92	-315.8144	421.76648
93	-315.38174	419.94562
94	-314.89325	417.96545
95	-314.41016	416.0895
96	-313.92886	414.30435
97	-313.44702	412.60156
98	-312.9667	410.9874
99	-312.50708	409.51736
100	-312.0248	408.04938
101	-311.51938	406.58847
102	-311.05347	405.30612
103	-310.57812	404.05127
104	-310.09146	402.8106
105	-309.5871	401.56427
106	-309.1454	400.50272
107	-308.63843	399.31525
108	-308.17715	398.26138
109	-307.70624	397.2113
110	-307.18695	396.0838
111	-306.73602	395.13272
112	-306.25577	394.15073
113	-305.74414	393.1392
114	-305.29132	392.27008
115	-304.82608	391.3997
116	-304.2967	390.4361
117	-303.82486	389.6015
118	-303.35297	388.79065
119	-302.8829	388.00977
120	-302.41275	387.2596
121	-301.9393	386.53818
122	-301.4623	385.84814
123	-300.92798	385.12128
124	-300.45233	384.51285
125	-299.97333	383.9299
126	-299.54382	383.4265
127	-299.05054	382.8664
128	-298.55698	382.32404
129	-298.05652	381.79034
130	-297.61478	381.3281
131	-297.10025	380.79404
132	-296.64035	380.31717
133	-296.17987	379.83932
134	-295.65048	379.29
135	-295.17712	378.79718
136	-294.68793	378.28308
137	-294.25223	377.82117
138	-293.7211	377.258
139	-293.24466	376.75903
140	-292.7468	376.24716
141	-292.31216	375.80505
142	-291.8556	375.3383
143	-291.37418	374.8387
144	-290.86676	374.30875
145	-290.3335	373.76437
146	-289.88837	373.331
147	-289.4265	372.9007
148	-288.94754	372.4626
149	-288.45074	372.00162
150	-287.93515	371.51154
151	-287.5356	371.13074
152	-286.98602	370.62308
153	-286.56213	370.2529
154	-285.9832	369.7739
155	-285.53937	369.4147
156	-285.08746	369.0445
157	-284.62732	368.65903
158	-284.15906	368.2615
159	-283.68304	367.85962
160	-283.1998	367.4605
161	-282.70993	367.0673
162	-282.21408	366.67923
163	-281.71304	366.29324
164	-281.20737	365.90518
165	-280.69717	365.51227
166	-280.1823	365.11395
167	-279.8364	364.84595
168	-279.3137	364.44247
169	-278.78714	364.0407
170	-278.25745	363.64365
171	-277.90286	363.3816
172	-277.36884	362.99023
173	-276.8322	362.59726
174	-276.47296	362.33273
175	-275.93167	361.93185
176	-275.3875	361.52856
177	-275.02316	361.26035
178	-274.47473	360.86096
179	-273.92447	360.4654
180	-273.5569	360.20282
181	-273.0043	359.80847
182	-272.635	359.54425
183	-272.07938	359.14536
184	-271.52164	358.7444
185	-271.14868	358.477
186	-270.58786	358.07748
187	-270.2132	357.813
188	-269.65036	357.41946
189	-269.2747	357.159
190	-268.71054	356.77
191	-268.14545	356.38193
192	-267.768	356.12344
193	-267.20062	355.73703
194	-266.82162	355.48123
195	-266.25226	355.10205
196	-265.87234	354.85312
197	-265.3022	354.48615
198	-264.9219	354.24567
199	-264.35107	353.89017
200	-263.9702	353.65607
201	-263.39832	353.3088
202	-263.01663	353.0801
203	-262.44327	352.74222
204	-262.0606	352.52118
205	-261.48618	352.1968
206	-261.10318	351.98538
207	-260.52884	351.67484
208	-260.146	351.47162
209	-259.57162	351.1715
210	-259.1886	350.97437
211	-258.6138	350.68344
212	-258.23053	350.49335
213	-257.65573	350.21555
214	-257.27274	350.03592
215	-256.6986	349.77554
216	-256.12518	349.5259
217	-255.74326	349.36508
218	-255.17062	349.13187
219	-254.78888	348.98178
220	-254.21658	348.7656
221	-253.83545	348.6281
222	-253.26428	348.43265
223	-252.88373	348.30972
224	-252.31314	348.13617
225	-251.9331	348.0274
226	-251.36365	347.87384
227	-250.9843	347.77737
228	-250.4156	347.64117
229	-250.03665	347.5561
230	-249.46896	347.43753
231	-249.09094	347.3648
232	-248.52448	347.26535
233	-248.14713	347.2053
234	-247.58154	347.12393
235	-247.01678	347.052
236	-246.64062	347.00876
237	-246.07684	346.95062
238	-245.70142	346.91647
239	-245.139	346.8726
240	-244.76443	346.84857
241	-244.203	346.82083
242	-243.64188	346.80292
243	-243.26788	346.79614
244	-242.70728	346.79294
245	-242.3337	346.7951
246	-241.77356	346.80438
247	-241.40036	346.81454
248	-240.8409	346.83597
249	-240.28183	346.86502
250	-239.90918	346.88864
251	-239.35025	346.93008
252	-238.97757	346.9613
253	-238.41855	347.01254
254	-238.04593	347.0491
255	-237.48694	347.10715
256	-236.92813	347.169
257	-236.55576	347.21246
258	-235.99738	347.28116
259	-235.62518	347.32938
260	-235.06686	347.4052
261	-234.69458	347.4579
262	-234.13602	347.53934
263	-233.57736	347.62292
264	-233.20496	347.67966
265	-232.64648	347.7663
266	-232.2742	347.8253
267	-231.71582	347.91605
268	-231.1573	348.01
269	-230.78473	348.0745
270	-230.22552	348.17383
271	-229.85242	348.24152
272	-229.29233	348.345
273	-228.9187	348.41516
274	-228.35806	348.522
275	-227.79718	348.6309
276	-227.4231	348.7047
277	-226.8616	348.8175
278	-226.48697	348.89398
279	-225.92447	349.0102
280	-225.5491	349.08832
281	-224.98557	349.20587
282	-224.60956	349.28418
283	-224.04526	349.40137
284	-223.48056	349.51837
285	-223.1039	349.59656
286	-222.53845	349.7144
287	-222.16116	349.79343
288	-221.5946	349.91266
289	-221.21646	349.9925
290	-220.6486	350.1125
291	-220.26962	350.19238
292	-219.70062	350.31165
293	-219.32095	350.3909
294	-218.75092	350.50967
295	-218.37048	350.5889
296	-217.7991	350.70795
297	-217.2267	350.82718
298	-216.84457	350.90656
299	-216.27066	351.02515
300	-215.8875	351.10367
301	-215.312	351.2205
302	-214.92795	351.2977
303	-214.3513	351.41266
304	-213.96643	351.4889
305	-213.3885	351.60275
306	-213.00272	351.67828
307	-212.42334	351.79077
308	-212.03662	351.865
309	-211.4559	351.975
310	-211.06842	352.04742
311	-210.6807	352.1192
312	-210.09863	352.2259
313	-209.71024	352.29666
314	-209.12704	352.40277
315	-208.7378	352.4737
316	-208.15317	352.58054
317	-207.76294	352.6521
318	-207.1769	352.75992
319	-206.78577	352.83206
320	-206.19855	352.94067
321	-205.80664	353.01346
322	-205.2182	353.12338
323	-204.8254	353.19736
324	-204.43225	353.27197
325	-203.8418	353.38516
326	-203.44763	353.46133
327	-202.8558	353.57645
328	-202.4609	353.65363
329	-201.8681	353.7699
330	-201.4726	353.84775
331	-201.0769	353.926
332	-200.483	354.0442
333	-200.08673	354.1234
334	-199.4919	354.24066
335	-199.095	354.31775
336	-198.49927	354.4316
337	-198.10187	354.5062
338	-197.7043	354.57962
339	-197.10767	354.6879
340	-196.70966	354.7591
341	-196.1123	354.86502
342	-195.71375	354.9355
343	-195.3149	355.0061
344	-194.71606	355.11255
345	-194.31647	355.18387
346	-193.7165	355.29117
347	-193.31616	355.3628
348	-192.715	355.47025
349	-192.31396	355.542
350	-191.91254	355.61386
351	-191.30994	355.72226
352	-190.9078	355.79495
353	-190.5054	355.86792
354	-189.9014	355.97742
355	-189.4985	356.05008
356	-188.89355	356.1578
357	-188.4899	356.2285
358	-188.086	356.2981
359	-187.4798	356.40036
360	-187.0754	356.46716
361	-186.4683	356.56558
362	-186.06335	356.6301
363	-185.6543	356.69434
364	-185.0407	356.78888
365	-184.63165	356.85062
366	-184.22266	356.91132
367	-183.6091	357.00043
368	-183.2001	357.05872
369	-182.791	357.11633
370	-182.17755	357.20175
371	-181.76855	357.25827
372	-181.3596	357.31448
373	-180.7462	357.39822
374	-180.3373	357.45346
375	-179.92834	357.50854
376	-179.315	357.59058
377	-178.90607	357.64505
378	-178.4972	357.69962
379	-177.88385	357.78217
380	-177.475	357.83795
381	-176.86163	357.92303
382	-176.45276	357.98068
383	-176.0439	358.03894
384	-175.4306	358.1273
385	-175.0217	358.1867
386	-174.61285	358.24652
387	-173.99963	358.33707
388	-173.5908	358.3981
389	-173.1862	358.45914
390	-172.57965	358.552
391	-172.17554	358.61502
392	-171.7717	358.67908
393	-171.1664	358.77722
394	-170.763	358.8441
395	-170.158	358.94666
396	-169.7549	359.01666
397	-169.35187	359.08813
398	-168.74756	359.19833
399	-168.34485	359.27393
400	-167.7412	359.39062
401	-167.33905	359.47064
402	-166.9371	359.55243
403	-166.33435	359.67856
404	-165.9326	359.765
405	-165.531	359.85345
406	-164.9288	359.99
407	-164.52747	360.08365
408	-163.9259	360.22803
409	-163.525	360.32697
410	-163.1244	360.42828
411	-162.52374	360.5849
412	-162.1235	360.69257
413	-161.5233	360.8588
414	-161.1232	360.97253
415	-160.72327	361.08856
416	-160.12335	361.26733
417	-159.7236	361.3899
418	-159.12427	361.5793
419	-158.72485	361.70963
420	-158.32556	361.84296
421	-157.7269	362.04855
422	-157.32794	362.1899
423	-156.7297	362.40918
424	-156.3309	362.5598
425	-155.73267	362.79205
426	-155.33386	362.95105
427	-154.93506	363.1134
428	-154.3369	363.3634
429	-153.9381	363.53458
430	-153.3396	363.7998
431	-152.9404	363.9832
432	-152.54095	364.1715
433	-151.9412	364.46237
434	-151.54095	364.66177
435	-150.9397	364.96933
436	-150.5383	365.18015
437	-150.1365	365.3957
438	-149.5329	365.72812
439	-149.12994	365.95593
440	-148.52466	366.3073
441	-148.1204	366.5482
442	-147.71564	366.79462
443	-147.10724	367.17532
444	-146.7007	367.43564
445	-146.29333	367.69934
446	-145.6752	368.10504
447	-145.26294	368.37927
448	-144.8507	368.65656
449	-144.2322	369.07816
450	-143.8198	369.36304
451	-143.4074	369.651
452	-142.78876	370.08875
453	-142.3794	370.38223
454	-142	370.65695
455	-141.7938	370.81064
456	-141.3814	371.11383
457	-140.96906	371.42017
458	-140.55675	371.72964
459	-139.9384	372.19977
460	-139.52621	372.51718
461	-139.11407	372.8378
462	-138.49591	373.3248
463	-138.08385	373.65353
464	-137.67178	373.98557
465	-137.05373	374.48987
466	-136.6417	374.83026
467	-136.22966	375.174
468	-135.61157	375.6961
469	-135.19952	376.04843
470	-134.78745	376.40427
471	-134.16933	376.94455
472	-133.75723	377.30914
473	-133.34512	377.67728
474	-132.72699	378.23618
475	-132.3149	378.61328
476	-131.9028	378.994
477	-131.28467	379.57193
478	-130.87257	379.96182
479	-130.4605	380.35544
480	-129.84235	380.9529
481	-129.43024	381.35593
482	-129.01813	381.7628
483	-128.39993	382.38028
484	-127.98781	382.79678
485	-127.57568	383.21716
486	-126.95753	383.85513
487	-126.54545	384.28537
488	-126.13804	384.71466
489	-125.52821	385.36462
490	-125.12246	385.802
491	-124.51506	386.46423
492	-124.11095	386.90982
493	-123.70756	387.3586
494	-123.10385	388.03778
495	-122.70225	388.49466
496	-122.30127	388.9549
497	-121.70072	389.65186
498	-121.30078	390.12115
499	-120.70123	390.83243
500	-120.30168	391.31168
501	-119.90222	391.795
502	-119.30325	392.5277
503	-118.904015	393.02145
504	-118.305275	393.77005
505	-117.906136	394.2745
506	-117.3073	395.03967
507	-116.907845	395.55563
508	-116.50807	396.0765
509	-115.907646	396.86734
510	-115.50671	397.4012
511	-114.90413	398.2123
512	-114.50161	398.76004
513	-114.09836	399.31354
514	-113.492256	400.15463
515	-113.08738	400.7226
516	-112.68056	401.29834
517	-112.06862	402.17392
518	-111.660706	402.76398
519	-111.25282	403.35922
520	-110.64101	404.26187
521	-110.23313	404.87027
522	-109.62131	405.7929
523	-109.21341	406.41476
524	-108.80551	407.0421
525	-108.193634	407.99347
526	-107.78572	408.63467
527	-107.3778	409.2815
528	-106.765915	410.2624
529	-106.35798	410.9235
530	-105.95003	411.59042
531	-105.338066	412.6018
532	-104.93008	413.28348
533	-104.52206	413.97116
534	-103.909996	415.014
535	-103.50193	415.71692
536	-103.09385	416.42596
537	-102.4817	417.50125
538	-102.073586	418.22595
539	-101.4614	419.32495
540	-101.05329	420.06558
541	-100.64517	420.8127
542	-100.03303	421.9456
543	-99.62496	422.70905
544	-99.21693	423.47913
545	-98.604904	424.6468
546	-98.19693	425.43365
547	-97.78898	426.22736
548	-97.17709	427.43085
549	-96.769196	428.24188
550	-96.361305	429.06
551	-95.74947	430.30057
552	-95.341576	431.1367
553	-94.729675	432.40466
554	-94.32171	433.25934
555	-93.9137	434.12155
556	-93.30159	435.42923
557	-92.89345	436.3107
558	-92.48898	437.19186
559	-91.883675	438.52487
560	-91.48088	439.42154
561	-91.07863	440.3247
562	-90.4762	441.69196
563	-90.07506	442.61218
564	-89.47386	444.00623
565	-89.07344	444.9447
566	-88.67326	445.89072
567	-88.07357	447.32364
568	-87.67409	448.28845
569	-87.07531	449.75015
570	-86.67626	450.73474
571	-86.27723	451.72778
572	-85.678505	453.23386
573	-85.279106	454.24933
574	-84.679306	455.7908
575	-84.27883	456.83118
576	-83.87783	457.8819
577	-83.27533	459.47778
578	-82.87303	460.55496
579	-82.26862	462.19095
580	-81.86512	463.29507
581	-81.461105	464.41028
582	-80.85402	466.10437
583	-80.44857	467.24823
584	-79.83915	468.98654
585	-79.43192	470.16092
586	-79.02217	471.35306
587	-78.40455	473.17014
588	-77.99274	474.39526
589	-77.58087	475.63153
590	-76.96302	477.50693
591	-76.55108	478.77136
592	-76.139114	480.0472
593	-75.52114	481.9826
594	-75.10915	483.28738
595	-74.697174	484.60388
596	-74.07923	486.60083
597	-73.66728	487.94708
598	-73.25535	489.3054
599	-72.63745	491.3658
600	-72.22553	492.7549
601	-71.81362	494.15652
602	-71.195755	496.28265
603	-70.78384	497.71613
604	-70.37192	499.16254
605	-69.754036	501.35672
606	-69.34212	502.83606
607	-68.93019	504.32877
608	-68.312294	506.59323
609	-67.90037	508.11996
610	-67.48844	509.66052
611	-66.870544	511.99756
612	-66.45862	513.57324
613	-66.04669	515.16315
614	-65.42879	517.57513
615	-65.01685	519.20135
616	-64.60491	520.84235
617	-63.98699	523.3318
618	-63.57505	525.0102
619	-63.163105	526.70386
620	-62.545193	529.2731
621	-62.133255	531.0053
622	-61.72133	532.7532
623	-61.103474	535.40454
624	-60.691593	537.192
625	-60.279747	538.99554
626	-59.662052	541.7311
627	-59.2544	543.55676
628	-58.84722	545.3966
629	-58.237286	548.18335
630	-57.83118	550.05945
631	-57.42549	551.95026
632	-56.817745	554.8142
633	-56.413208	556.74164
634	-56.009186	558.6836
635	-55.40404	561.6242
636	-55.00112	563.60364
637	-54.39733	566.60236
638	-53.99507	568.62195
639	-53.592976	570.65826
640	-52.990013	573.74506
641	-52.588097	575.8249
642	-51.98524	578.9782
643	-51.58334	581.1031
644	-51.181435	583.2463
645	-50.578465	586.4961
646	-50.176342	588.6866
647	-49.774006	590.897
648	-49.169983	594.2506
649	-48.76684	596.5127
650	-48.16132	599.94635
651	-47.75702	602.2631
652	-47.35225	604.60205
653	-46.744244	608.1522
654	-46.33826	610.5475
655	-45.92967	612.9783
656	-45.31688	616.6618
657	-44.908405	619.1425
658	-44.295757	622.9014
659	-43.887363	625.4326
660	-43.478996	627.98413
661	-42.866478	631.84955
662	-42.45814	634.4521
663	-42.049816	637.075
664	-41.437336	641.0478
665	-41.02903	643.7218
666	-40.620716	646.4163
667	-40.00824	650.49634
668	-39.59991	653.2418
669	-39.191563	656.0076
670	-38.57901	660.19434
671	-38.170616	663.0106
672	-37.7622	665.84686
673	-37.149536	670.1384
674	-36.74107	673.02405
675	-36.128334	677.3887
676	-35.719833	680.32227
677	-35.311314	683.27466
678	-34.69851	687.73785
679	-34.289963	690.73596
680	-33.8814	693.7518
681	-33.268543	698.308
682	-32.85996	701.3666
683	-32.451355	704.4415
684	-31.838425	709.08374
685	-31.429783	712.1977
686	-31.021124	715.32635
687	-30.40811	720.0456
688	-29.999414	723.2083
689	-29.590696	726.38367
690	-28.977592	731.16864
691	-28.568829	734.3722
692	-28.160034	737.58575
693	-27.54679	742.4229
694	-27.137907	745.6578
695	-26.524511	750.5226
696	-26.11553	753.77264
697	-25.706507	757.02704
698	-25.096323	761.88666
699	-24.691034	765.11584
700	-24.286125	768.34174
701	-23.679256	773.17303
702	-23.274918	776.3877
703	-22.870716	779.59607
704	-22.2646	784.3943
705	-21.86062	787.58136
706	-21.254887	792.33966
707	-20.851135	795.4951
708	-20.447481	798.63477
709	-19.842197	803.31055
710	-19.438734	806.40295
711	-19.035389	809.4727
712	-18.430285	814.0326
713	-18.026741	817.0402
714	-17.421007	821.4991
715	-17.016855	824.4336
716	-16.612415	827.3349
717	-16.005302	831.6187
718	-15.600228	834.4256
719	-15.194925	837.1899
720	-14.586631	841.2502
721	-14.180815	843.896
722	-13.571646	847.76624
723	-13.1650505	850.2777
724	-12.757979	852.73145
725	-12.146428	856.29724
726	-11.736452	858.6026
727	-11.294097	861.5594
728	-10.676337	867.0343
729	-10.264443	869.1864
730	-9.852505	871.7561
731	-9.234529	875.3347
732	-8.82251	877.202
733	-8.410465	879.4231
734	-7.7923703	883.0223
735	-7.380301	884.9176
736	-6.968221	886.75336
737	-6.3500986	889.59546
738	-5.9380145	892.3339
739	-5.525932	898.88116
740	-4.9078197	901.426
741	-4.495747	902.1593
742	-4.08368	903.5962
743	-3.4656005	907.2408
744	-3.05356	908.82764
745	-2.6415336	909.30457
746	-2.0235465	910.7387
747	-1.6115826	911.4453
748	-1.1996529	913.1941
749	-0.5818303	916.5491
750	-0.17000142	919.5919
751	0.24178107	923.62787
752	0.85937566	932.07245
753	1.271052	940.0423
754	1.6826816	949.4044
755	2.3000448	965.7965
756	2.7115622	977.3884
757	3.1200025	989.97125
758	3.7325711	1011.2905
759	4.1409097	1026.8494
760	4.5491605	1046.7097
761	5.161238	1077.4674
762	5.568982	1096.6448
763	5.9764132	1108.981
764	6.5870132	1126.647
765	6.9937253	1133.6526
766	7.4001923	1146.3715
767	8.009528	1153.3345
768	8.415576	1159.6892
769	8.821561	1170.4268
770	9.430403	1259.4849
771	9.836175	1319.0299
772	10.444487	1357.8844
773	10.849865	1366.4427
774	11.255184	1369.8672
775	11.862919	1403.1212
776	12.267901	1405.4436
777	12.672759	1436.6125
778	13.2799225	1448.083
779	13.684649	1442.2391
780	14.291768	1439.4783
781	14.696525	1439.3613
782	15.101279	1443.1302
783	15.708324	1448.158
784	16.11295	1453.909
785	16.5175	1450.797
786	17.124306	1451.5745
787	17.528906	1445.5349
788	18.136036	1452.6799
789	18.54101	1456.2614
790	18.946209	1454.1923
791	19.55457	1455.6985
792	19.963137	1450.9778
793	20.371656	1447.5712
794	20.984356	1448.2603
795	21.392775	1456.3306
796	21.801155	1452.7532
797	22.413664	1452.93
798	22.82196	1448.4226
799	23.230225	1444.3234
800	23.842564	1441.3726
801	24.250757	1449.0391
802	24.862995	1451.5193
803	25.271124	1447.551
804	25.679224	1443.7306
805	26.291346	1440.5808
806	26.699411	1436.5952
807	27.107471	1438.1465
808	27.719553	1441.0922
809	28.127613	1436.5552
810	28.535683	1436.8961
811	29.147808	1431.8627
812	29.555916	1426.1223
813	29.964039	1427.9767
814	30.57627	1425.9514
815	30.98444	1422.444
816	31.59672	1419.2924
817	32.00492	1416.3943
818	32.413136	1412.7983
819	33.02546	1410.5378
820	33.433685	1406.9846
821	33.841927	1403.874
822	34.45431	1398.9377
823	34.86259	1394.8209
824	35.270897	1393.1755
825	35.883404	1390.5953
826	36.29178	1385.1458
827	36.700172	1383.3231
828	37.312836	1377.3955
829	37.721325	1371.8713
830	38.129852	1369.8561
831	38.74272	1367.1553
832	39.15137	1363.9694
833	39.764423	1361.988
834	40.17318	1360.3358
835	40.581978	1356.3074
836	41.19525	1352.5211
837	41.60255	1349.6755
838	42.00798	1349.2139
839	42.615665	1343.0228
840	43.020493	1341.5552
841	43.42508	1336.5378
842	44.03167	1334.3313
843	44.435936	1329.271
844	45.042355	1327.5614
845	45.446606	1323.2937
846	45.850906	1321.488
847	46.4575	1316.1871
848	46.861988	1315.4885
849	47.266438	1311.668
850	47.87326	1306.1255
851	48.27792	1305.6022
852	48.88525	1300.4095
853	49.29047	1299.9365
854	49.69601	1298.6244
855	50.305046	1296.8295
856	50.711445	1292.6625
857	51.118084	1289.6882
858	51.72849	1286.9288
859	52.135624	1283.838
860	52.54288	1283.6116
861	53.157337	1279.5848
862	53.56817	1280.1592
863	53.97905	1276.7777
864	54.59546	1274.5928
865	55.00646	1272.288
866	55.417492	1274.8827
867	56.034084	1271.926
868	56.44517	1271.3525
869	56.85627	1271.0168
870	57.47292	1270.997
871	57.884014	1272.0157
872	58.2951	1270.0092
873	58.911713	1279.027
874	59.322758	1275.5157
875	59.939297	1280.9927
876	60.350307	1280.8547
877	60.761295	1277.3628
878	61.377743	1277.7019
879	61.78869	1276.7347
880	62.19962	1276.7993
881	62.815983	1273.8802
882	63.226875	1271.7085
883	63.637745	1269.7378
884	64.25402	1267.6682
885	64.66483	1266.3632
886	65.07561	1264.809
887	65.69172	1262.4261
888	66.1024	1260.315
889	66.51304	1258.9121
890	67.12892	1257.9835
891	67.53947	1254.6558
892	67.94998	1257.385
893	68.56569	1253.9163
894	68.97612	1260.9353
895	69.38653	1263.8744
896	70.002075	1259.7721
897	70.41241	1259.0023
898	70.822716	1257.2843
899	71.43811	1256.3845
900	71.848335	1253.5656
901	72.25854	1251.8586
902	72.87378	1257.6522
903	73.28389	1257.8687
904	73.69396	1256.3121
905	74.30897	1255.6068
906	74.71736	1254.7749
907	75.12404	1253.4706
908	75.73369	1250.703
909	76.13989	1249.1477
910	76.54592	1249.023
911	77.15458	1245.7814
912	77.56002	1244.9927
913	78.167564	1247.697
914	78.57218	1269.818
915	78.976494	1269.7211
916	79.58235	1268.0505
917	79.98592	1266.8242
918	80.38936	1267.7156
919	80.994286	1266.428
920	81.397484	1265.1805
921	82.00207	1263.8137
922	82.405014	1263.902
923	82.80798	1266.6638
924	83.41244	1282.8568
925	83.81542	1284.524
926	84.4201	1282.1116
927	84.82345	1283.7281
928	85.227036	1282.9962
929	85.832985	1280.7698
930	86.23739	1281.0004
931	86.64211	1279.8165
932	87.25254	1280.5366
933	87.6602	1279.3678
934	88.271614	1282.0859
935	88.67917	1282.503
936	89.086685	1281.8977
937	89.69788	1280.5751
938	90.10531	1284.6488
939	90.5127	1288.1671
940	91.12376	1287.4258
941	91.531105	1286.7632
942	91.93845	1286.3032
943	92.54948	1290.7631
944	92.95684	1294.2302
945	93.36423	1294.401
946	93.975365	1297.7001
947	94.38283	1300.7773
948	94.99409	1298.566
949	95.40165	1299.9387
950	95.80925	1298.3678
951	96.42073	1297.5565
952	96.82842	1297.6361
953	97.236145	1298.3423
954	97.847786	1299.4955
955	98.25556	1300.7313
956	98.66336	1302.1047
957	99.27507	1306.9485
958	99.68289	1306.7588
959	100.09073	1314.2766
960	100.70252	1322.0664
961	101.11043	1322.9523
962	101.722336	1323.2428
963	102.13032	1323.9286
964	102.53834	1325.4822
965	103.15043	1325.8416
966	103.558525	1326.162
967	103.96665	1330.1984
968	104.57888	1333.1484
969	104.987045	1333.3859
970	105.395226	1343.4034
971	106.007515	1340.3964
972	106.41571	1340.1614
973	106.823906	1340.493
974	107.436195	1341.4149
975	107.84439	1346.6737
976	108.25259	1358.8054
977	108.864914	1360.6067
978	109.27315	1368.4794
979	109.8856	1371.3207
980	110.293945	1373.4155
981	110.70236	1375.88
982	111.31028	1383.9009
983	111.71534	1383.9934
984	112.12029	1384.7836
985	112.72746	1391.3558
986	113.13217	1393.8538
987	113.53665	1392.134
988	114.14297	1403.7898
989	114.54689	1406.39
990	115.15246	1407.8608
991	115.55603	1413.9844
992	115.959564	1413.2567
993	116.56483	1418.6407
994	116.968414	1417.1959
995	117.573944	1445.2406
996	117.97768	1457.2244
997	118.38159	1458.9976
998	118.98759	1473.4799
999	119.39182	1476.5299
1000	119.796326	1475.5433
1001	120.40391	1484.9825
1002	120.80966	1484.9601
1003	121.216064	1495.1028
1004	121.82997	1506.7936
1005	122.24044	1506.3411
1006	122.8562	1509.5475
1007	123.26672	1514.721
1008	123.67725	1517.6598
1009	124.29304	1522.3646
1010	124.70356	1524.4199
1011	125.114075	1528.0747
1012	125.72984	1530.3953
1013	126.14034	1532.9181
1014	126.550835	1532.9453
1015	127.166565	1560.9462
1016	127.577034	1562.6807
1017	127.98749	1564.9515
1018	128.60312	1565.8206
1019	129.01352	1566.4858
1020	129.42232	1566.0126
1021	130.03282	1568.9592
1022	130.43954	1570.3105
1023	130.84613	1574.9362
1024	131.45589	1574.6106
1025	131.86243	1575.3995
1026	132.26912	1577.3452
1027	132.87952	1594.3892
1028	133.28687	1618.8846
1029	133.90135	1624.0938
1030	134.31096	1625.3883
1031	134.72054	1627.8223
1032	135.33487	1629.606
1033	135.7444	1631.4087
1034	136.15393	1631.6255
1035	136.76819	1635.1426
1036	137.17767	1636.6946
1037	137.58714	1639.7821
1038	138.2013	1647.8793
1039	138.6107	1654.1143
1040	139.02008	1656.4075
1041	139.63408	1686.9995
1042	140.04337	1689.1713
1043	140.45262	1698.9218
1044	141.06644	1703.5776
1045	141.4756	1704.4491
1046	141.88475	1714.753
1047	142.49841	1716.4744
1048	142.90752	1717.6223
1049	143.3166	1719.9196
1050	143.9302	1727.4287
1051	144.33926	1730.6482
1052	144.95282	1734.2655
1053	145.36183	1736.6716
1054	145.76913	1736.0676
1055	146.37677	1734.2523
1056	146.78127	1732.561
1057	147.18541	1730.8373
1058	147.79112	1728.1924
1059	148.19463	1726.4009
1060	148.59776	1724.6224
1061	149.20201	1721.9568
1062	149.60464	1720.1011
1063	150.20857	1717.1893
1064	150.61118	1715.2028
1065	151.01375	1713.1857
1066	151.61758	1710.1033
1067	152.02014	1708.0107
1068	152.6241	1704.8154
1069	153.02684	1702.6477
1070	153.43008	1700.4478
1071	154.03627	1697.0858
1072	154.44073	1694.8062
1073	154.8453	1692.497
1074	155.45404	1688.9685
1075	155.86131	1686.5719
1076	156.47209	1682.9241
1077	156.8792	1680.4574
1078	157.28627	1677.9438
1079	157.89679	1674.0433
1080	158.30379	1671.3983
1081	158.71078	1668.7684
1082	159.32129	1664.7836
1083	159.72833	1661.9993
1084	160.1354	1659.1271
1085	160.74612	1654.7675
1086	161.15332	1651.8336
1087	161.76419	1647.3916
1088	162.17151	1644.3954
1089	162.57886	1641.3419
1090	163.18996	1636.6613
1091	163.5974	1633.5083
1092	164.00487	1630.3348
1093	164.61609	1625.4817
1094	165.02359	1622.177
1095	165.43112	1618.8452
1096	166.04245	1613.8102
1097	166.45003	1610.4004
1098	166.85765	1606.9358
1099	167.46916	1601.6373
1100	167.87692	1598.038
1101	168.48866	1592.5392
1102	168.89656	1588.8076
1103	169.30452	1585.0417
1104	169.91653	1579.3632
1105	170.32462	1575.5386
1106	170.73271	1571.6635
1107	171.3449	1565.7782
1108	171.75302	1561.8351
1109	172.16116	1557.8711
1110	172.77336	1551.8373
1111	173.18149	1547.7627
1112	173.58961	1543.6743
1113	174.20181	1537.5095
1114	174.60994	1533.3472
1115	175.0181	1529.1387
1116	175.63037	1522.7402
1117	176.0386	1518.418
1118	176.65103	1511.851
1119	177.05939	1507.42
1120	177.46782	1502.9729
1121	178.08057	1496.28
1122	178.48912	1491.7767
1123	178.89775	1487.238
1124	179.50941	1480.3855
1125	179.91527	1475.7993
1126	180.32088	1471.2583
1127	180.92882	1464.4465
1128	181.33374	1459.8905
1129	181.73837	1455.3098
1130	182.34491	1448.3943
1131	182.74907	1443.7556
1132	183.3552	1436.7728
1133	183.75926	1432.1216
1134	184.16336	1427.4713
1135	184.76971	1420.4667
1136	185.1741	1415.7833
1137	185.57863	1411.1078
1138	186.18594	1404.1067
1139	186.59125	1399.4298
1140	187.2	1392.4
1141	187.60654	1387.722
1142	188.01508	1383.0399
1143	188.63025	1376.0026
1144	189.04039	1371.3175
1145	189.45055	1366.6403
1146	190.06578	1359.6466
1147	190.47594	1355.0037
1148	190.88611	1350.3801
1149	191.50136	1343.504
1150	191.91156	1338.9736
1151	192.32176	1334.4844
1152	192.9371	1327.8162
1153	193.34735	1323.4192
1154	193.75761	1319.0692
1155	194.373	1312.6381
1156	194.78325	1308.4153
1157	195.19348	1304.2452
1158	195.80876	1298.0808
1159	196.21889	1294.0347
1160	196.62897	1290.0497
1161	197.24397	1284.1992
1162	197.6539	1280.384
1163	198.26865	1274.8037
1164	198.6784	1271.1903
1165	199.0881	1267.6676
1166	199.70255	1262.5527
1167	200.11214	1259.2545
1168	200.5217	1256.0479
1169	201.13603	1251.414
1170	201.54558	1248.4432
1171	201.95512	1245.5682
1172	202.56946	1241.4368
1173	202.979	1238.8049
1174	203.38855	1236.2744
1175	204.00284	1232.6759
1176	204.41232	1230.4119
1177	204.82176	1228.2574
1178	205.43587	1225.2328
1179	205.84521	1223.3542
1180	206.25452	1221.5853
1181	206.8684	1219.1353
1182	207.27759	1217.6359
1183	207.68675	1216.2422
1184	208.30046	1214.349
1185	208.70956	1213.2173
1186	209.11865	1212.1885
1187	209.73228	1210.8333
1188	210.14134	1210.0499
1189	210.75493	1209.0453
1190	211.16396	1208.4825
1191	211.57294	1208.0007
1192	212.18123	1207.4248
1193	212.58606	1207.1293
1194	212.99042	1206.8998
1195	213.59622	1206.6691
1196	213.99979	1206.5836
1197	214.4031	1206.543
1198	215.0075	1206.4731
1199	215.41014	1206.4116
1200	216.01384	1206.3052
1201	216.41624	1206.2316
1202	216.81871	1206.1625
1203	217.42253	1206.0815
1204	217.82521	1206.0513
1205	218.42946	1206.0525
1206	218.8332	1206.0894
1207	219.23764	1206.1217
1208	219.84486	1206.1027
1209	220.25127	1206.0396
1210	220.65878	1205.9313
1211	221.26994	1205.6764
1212	221.67732	1205.4392
1213	222.08464	1205.1434
1214	222.69554	1204.5813
1215	223.10274	1204.1246
1216	223.7135	1203.3206
1217	224.12064	1202.7104
1218	224.52779	1202.0447
1219	225.13852	1200.9448
1220	225.54572	1200.1454
1221	225.95294	1199.2957
1222	226.56387	1197.9337
1223	226.97124	1196.9717
1224	227.37863	1195.9685
1225	227.9898	1194.3916
1226	228.39731	1193.2988
1227	229.00862	1191.6141
1228	229.4162	1190.4705
1229	229.8238	1189.3164
1230	230.43524	1187.5742
1231	230.8429	1186.4106
1232	231.25056	1185.2498
1233	231.8621	1183.5223
1234	232.26982	1182.3854
1235	232.67758	1181.2642
1236	233.28925	1179.6188
1237	233.69708	1178.5516
1238	234.10497	1177.5122
1239	234.71686	1176.0106
1240	235.12483	1175.0509
1241	235.53285	1174.1268
1242	236.14491	1172.8116
1243	236.55298	1171.9844
1244	237.16505	1170.82
1245	237.57307	1170.096
1246	237.98108	1169.4148
1247	238.593	1168.4747
1248	239.00089	1167.9027
1249	239.40872	1167.3743
1250	240.02039	1166.6631
1251	240.4281	1166.2432
1252	240.83577	1165.8662
1253	241.4472	1165.38
1254	241.8548	1165.1064
1255	242.26237	1164.8711
1256	242.87372	1164.5852
1257	243.28128	1164.4364
1258	243.89264	1164.2709
1259	244.30023	1164.1948
1260	244.70784	1164.1422
1261	245.31927	1164.0979
1262	245.72693	1164.0847
1263	246.13458	1164.079
1264	246.74611	1164.0734
1265	247.15381	1164.0648
1266	247.56154	1164.0475
1267	248.17015	1163.9976
1268	248.57394	1163.9445
1269	249.17839	1163.8291
1270	249.58084	1163.7253
1271	249.98299	1163.5977
1272	250.58562	1163.3566
1273	250.98715	1163.1599
1274	251.38864	1162.9327
1275	251.9908	1162.5331
1276	252.39212	1162.2269
1277	252.99414	1161.7081
1278	253.39572	1161.3225
1279	253.7975	1160.905
1280	254.40086	1160.219
1281	254.80363	1159.7219
1282	255.40881	1158.9174
1283	255.81299	1158.3427
1284	256.21777	1157.7383
1285	256.82608	1156.7786
1286	257.23236	1156.1053
1287	257.64053	1155.4052
1288	258.25513	1154.31
1289	258.6649	1153.5562
1290	259.07468	1152.7858
1291	259.68945	1151.6045
1292	260.0993	1150.8031
1293	260.50916	1149.9933
1294	261.12393	1148.7688
1295	261.53375	1147.9497
1296	262.14844	1146.7236
1297	262.55817	1145.9119
1298	262.96786	1145.1074
1299	263.57916	1143.9265
1300	263.9852	1143.1586
1301	264.39032	1142.4088
1302	264.99652	1141.3236
1303	265.40054	1140.6276
1304	265.8045	1139.9551
1305	266.41022	1138.9927
1306	266.81393	1138.3834
1307	267.4194	1137.5201
1308	267.82306	1136.9789
1309	268.22678	1136.4652
1310	268.83344	1135.7434
1311	269.23923	1135.2927
1312	269.6456	1134.8651
1313	270.25754	1134.2617
1314	270.66614	1133.8818
1315	271.27893	1133.3394
1316	271.68744	1132.9913
1317	272.09592	1132.6505
1318	272.7086	1132.1475
1319	273.11703	1131.8136
1320	273.52548	1131.4777
1321	274.13812	1130.9646
1322	274.5466	1130.6138
1323	274.95505	1130.254
1324	275.56778	1129.6951
1325	275.9763	1129.3082
1326	276.3848	1128.9089
1327	276.99756	1128.2855
1328	277.40607	1127.853
1329	277.81458	1127.407
1330	278.4273	1126.7113
1331	278.8358	1126.2291
1332	279.24426	1125.7318
1333	279.85693	1124.9554
1334	280.26535	1124.4164
1335	280.87793	1123.5734
1336	281.2863	1122.9877
1337	281.69464	1122.3837
1338	282.30707	1121.4454
1339	282.7121	1120.805
1340	283.11624	1120.1515
1341	283.72012	1119.1492
1342	284.1224	1118.4655
1343	284.5244	1117.7709
1344	285.12695	1116.7108
1345	285.52838	1115.9934
1346	286.13007	1114.9031
1347	286.5309	1114.1683
1348	286.93158	1113.4282
1349	287.53235	1112.3098
1350	287.9328	1111.5593
1351	288.53354	1110.4268
1352	288.9341	1109.6682
1353	289.33484	1108.9077
1354	289.9362	1107.765
1355	290.33734	1107.0027
1356	290.93954	1105.8585
1357	291.34204	1105.0936
1358	291.7472	1104.3229
1359	292.35675	1103.159
1360	292.7631	1102.3788
1361	293.37256	1101.1998
1362	293.77887	1100.4075
1363	294.18518	1099.6101
1364	294.79465	1098.4045
1365	295.20096	1097.5946
1366	295.60727	1096.7797
1367	296.2153	1095.551
1368	296.6182	1094.7306
1369	297.02026	1093.9064
1370	297.62256	1092.6669
1371	298.02368	1091.8422
1372	298.62476	1090.6064
1373	299.02527	1089.781
1374	299.42566	1088.9531
1375	300.02634	1087.7063
1376	300.42697	1086.8715
1377	301.02847	1085.6135
1378	301.42987	1084.7719
1379	301.83167	1083.93
1380	302.43524	1082.6696
1381	302.83838	1081.8313
1382	303.4443	1080.577
1383	303.85196	1079.7375
1384	304.25964	1078.9005
1385	304.8712	1077.6464
1386	305.27893	1076.8105
1387	305.68668	1075.9781
1388	306.29834	1074.7408
1389	306.70612	1073.9231
1390	307.1139	1073.1101
1391	307.72552	1071.8954
1392	308.1333	1071.0869
1393	308.54102	1070.2788
1394	309.15256	1069.0677
1395	309.5572	1068.2689
1396	310.16345	1067.0824
1397	310.5669	1066.3081
1398	310.97125	1065.5508
1399	311.58243	1064.447
1400	311.98984	1063.7379
1401	312.3972	1063.0461
1402	313.0082	1062.0298
1403	313.4155	1061.3625
1404	314.02646	1060.3762
1405	314.43375	1059.725
1406	314.84106	1059.0746
1407	315.45206	1058.0981
1408	315.8594	1057.449
1409	316.26678	1056.8019
1410	316.87363	1055.8389
1411	317.2775	1055.195
1412	317.68045	1054.5463
1413	318.28403	1053.5613
1414	318.6859	1052.8992
1415	319.28824	1051.9075
1416	319.68954	1051.2574
1417	320.09067	1050.6239
1418	320.69226	1049.709
1419	321.0934	1049.1232
1420	321.6954	1048.284
1421	322.097	1047.7505
1422	322.49887	1047.234
1423	323.10242	1046.4795
1424	323.5054	1045.9828
1425	324.11108	1045.2374
1426	324.51605	1044.7341
1427	324.9251	1044.2185
1428	325.5387	1043.4323
1429	325.94778	1042.9023
1430	326.35687	1042.3724
1431	326.97046	1041.5874
1432	327.37952	1041.0743
1433	327.7885	1040.5704
1434	328.39777	1039.8342
1435	328.80054	1039.35
1436	329.20258	1038.8643
1437	329.80435	1038.1366
1438	330.20477	1037.6533
1439	330.80463	1036.9305
1440	331.2042	1036.4502
1441	331.60358	1035.9712
1442	332.20245	1035.253
1443	332.60162	1034.771
1444	333.20047	1034.0321
1445	333.5998	1033.5161
1446	333.99918	1032.9718
1447	334.59854	1032.1052
1448	334.99838	1031.5017
1449	335.59885	1030.566
1450	335.9998	1029.923
1451	336.40134	1029.258
1452	337.006	1028.196
1453	337.411	1027.4404
1454	338.02118	1026.2458
1455	338.42792	1025.4154
1456	338.83466	1024.5591
1457	339.44476	1023.218
1458	339.8515	1022.2725
1459	340.25827	1021.2847
1460	340.8684	1019.75134
1461	341.2752	1018.70483
1462	341.88544	1017.08435
1463	342.288	1015.9824
1464	342.65198	1014.9759
1465	343.1446	1013.6114
1466	343.6769	1012.13385
1467	344.12766	1010.8665
1468	344.59555	1009.53064
1469	345.1326	1007.9607
1470	345.6106	1006.5491
1471	346.0348	1005.30493
1472	346.51233	1003.91
1473	347.0278	1002.38385
1474	347.4492	1001.1176
1475	347.93365	999.6601
1476	348.42044	998.2034
1477	348.91785	996.68555
1478	349.38885	995.18726
1479	349.90552	993.4682
1480	350.33395	991.9865
1481	350.8661	990.0816
1482	351.32306	988.3971
1483	351.77097	986.738
1484	352.26392	984.93054
1485	352.77332	983.05225
1486	353.26086	981.20996
1487	353.73392	979.37054
1488	354.19525	977.5292
1489	354.655	975.6518
1490	355.1709	973.50037
1491	355.6579	971.43243
1492	356.13297	969.3867
1493	356.6033	967.34076
1494	357.06992	965.29626
1495	357.549	963.15625
1496	358.0151	960.9932
1497	358.52435	958.5742
1498	358.99106	956.3963
1499	359.48013	954.137
1500	359.9659	951.82117
